0.3639996175292557 0.18521247819333553 0.2526297494173553
-0.7122815746217461 0.8365893891943819 0.24070218174716274
-0.4451979094989502 0.7014771415774965 0.38918098458589595
-0.49268905501793814 0.1361202958001393 0.06905531589360644
0.6439543803487295 0.5917603855726927 0.9728270779790813
-0.5776626795621254 -0.5428700679231917 -0.22927428983260778
-0.5284690900617564 -0.4736897904848423 -0.22335937793577365
0.9501389937708118 0.26529943814520074 0.5173707793524435
0.23858742077638118 0.7270797256922443 0.9005518021439556
-0.38497525179063596 0.726572534900038 0.44686009033273527
-0.5128168429869331 0.8155652952545094 0.39732967529238594
0.7885021376880441 0.2228347967946882 0.39854051041858074
0.986108912655747 -0.8948289938915905 -1.777227840070863
0.6174826984000774 -0.7300507515795216 -1.1808444596338492
-0.3923886269972021 -0.16561430894623896 -0.1006291376477338
-0.4195076031959517 -0.02478882395551474 -0.014389723831890359
-0.4592539821675181 0.11254379725129837 0.06085761019538582
0.2893167530413854 -0.5821433326861223 -0.7505671515035621
0.09621515979003292 0.6342536980879292 0.6952785189968786
-0.25726521448941564 0.4626916102255494 0.34365715387842033
0.2948843549258675 0.3790120093604672 0.4907767212498854
-0.9360137035214593 -0.17979883770921656 -0.011504661736158966
-0.4780376824765218 -0.7739560631716023 -0.403975900394397
0.2828896248417494 -0.579212636246057 -0.7430658816173048
0.2571227045040725 0.8966981300183565 1.1272595783324209
0.7162157368890933 -0.04463284562658454 -0.07659959204648593
0.26286503314455834 0.7751893637422562 0.9789595415356735
0.4361088228095755 0.6362692763279891 0.913751921417289
-0.2569827513963514 -0.3007494715976251 -0.22346204490546856
0.06841121027560049 -0.6468717889046072 -0.691125070876714
-0.6995475929773578 0.30682019583386055 0.09218486636144185
0.08571758101113391 -0.4569589373939671 -0.49612835212879614
0.8550213776819933 0.8258015617168855 1.5318795507079983
-0.2996766468780292 -0.47766941869412793 -0.3345230489836943
0.005055583045279866 -0.5359175548657331 -0.5386269305697802
0.6564690048557973 0.9600035602913337 1.590216142173808
0.3168176846170172 0.2857027021408083 0.37621837072188447
0.8121577069064356 0.9842888640052341 1.7836866507292655
-0.33037753806931347 0.8141022448806596 0.545141149480286
0.3216044811128045 0.9120799441024621 1.2054089412589302
0.43396261705767536 -0.380876733381057 -0.5461629973754789
-0.7015424827859478 -0.9391664481066184 -0.2803012863526414
0.44708589542201116 -0.4686904969793477 -0.6782354074971468
-0.28187048911577905 0.5279807594594177 0.37915856454687114
0.8941756305375728 -0.9753652930539387 -1.847513168974909
0.3812253761881841 -0.9711630347206961 -1.341395027972152
-0.3711429269500699 0.21816699459186983 0.1371958576551432
0.973258244773767 -0.9612719390647888 -1.8968377792292608
-0.7145394538146521 0.7796208869644112 0.22255100421036622
-0.9269757686562339 0.8939904160299106 0.06528296295927793
-0.32339022267411566 0.657476412928409 0.444854969348512
-0.6724637445967383 0.8912583891040731 0.2919194353638913
-0.6530674798009106 -0.7065713536327023 -0.2451325804162754
-0.16921177191095516 -0.903500608647567 -0.7506176697356857
-0.7590972920877099 0.5307661800875176 0.1278630100513452
0.196823060119093 -0.6870835482093514 -0.8223174347254003
0.3230266669685731 -0.6504406352860417 -0.860550305763413
0.39189157596290847 0.38515743401930713 0.5360973878309634
0.6029856043814059 -0.5350318187399334 -0.8576483033261151
-0.761693643395535 0.7617102474813511 0.18152039386556607
0.45422757887718346 0.7004672480079135 1.0186387901533116
0.4074807789969659 0.17526754062507743 0.24668569461186635
-0.6327864646493508 -0.7657587657985754 -0.2811969836146446
0.6225711119475468 0.2521003649088076 0.40905076941246626
0.3118661006347554 0.07397471181657922 0.09704491673639554
-0.2175544109428167 -0.21525010119953358 -0.16842149222768737
0.7602219234150429 -0.4930115401685933 -0.8678097215013739
-0.20077776172182626 0.9507660966302465 0.759873407827828
-0.8327707804836697 0.6380905144582052 0.10670737871361935
0.6842105477026552 -0.6050150885802867 -1.0189727937061752
-0.5574669916197004 -0.7151252101757952 -0.3164665106276887
0.041979025751544885 0.6242939566360541 0.6505012087182129
0.65201523832132 0.8604829430834178 1.4215309342893834
-0.8804083753518295 0.8301875093309987 0.09928347300351237
0.7978589242799381 0.35585657297687234 0.639779915490145
0.8797274094666783 -0.8400249957590691 -1.5790180091654524
-0.0513798391169602 -0.9284407640629646 -0.8807376269757818
0.564822724622684 0.2803704090151935 0.4387299873387314
0.674544599040493 0.35525305732793466 0.5948870884411156
0.12450973524118392 0.6004822343752421 0.675248118394338
-0.14958253864657323 0.10460651263468734 0.08895920491582597
0.04994463468465349 0.504741437698577 0.5299505644146393
0.9374259201867183 -0.060209723965814144 -0.11665187985865577
0.21815334953857057 -0.8068572391458739 -0.9828758484649898
0.7741568293936301 0.2956274478424683 0.5244894555459243
-0.049283390580245445 -0.9807495651274212 -0.9324149012478407
0.5022155522473293 -0.879827060474847 -1.3216898935333667
-0.9342607531981677 -0.4944041275265303 -0.032501754959311124
-0.04481352443393716 0.39240223880650715 0.3748173114898201
0.2040744206892564 -0.31542700263136747 -0.3797975854631124
-0.14451573849679944 0.6767373463061577 0.578938148936359
-0.9594335836693653 0.750921423724856 0.03046219110641546
0.6770002247280829 0.8007673810937406 1.3428870780491213
0.6327044245255187 -0.10052725608434909 -0.16413129579432661
0.12924515474107334 0.10869176718137918 0.12273965144981726
-0.08614374001802427 0.0428726436891147 0.03917943381727421
-0.6071760177508898 0.24565556303765046 0.09649939653409717
-0.468340769921161 0.3185720389967701 0.16937176497766868
-0.9922418961875301 -0.9630259045892862 -0.007471254941901373
-0.12232779166263308 0.906099865266661 0.795258669722781
