-0.8781146042679113 -0.4550071435826166 -0.2715346857305774
-0.24452799741881703 0.02879462448462089 -0.2507399588812579
-0.8785888641531754 -0.15147113103720922 -0.7225645116455055
0.33548919152415646 0.015621351829035124 0.34097401285276036
0.4548246856701468 0.5833631132385644 1.0604651521678252
0.2671590953742651 -0.9769223179224185 0.9605426279220923
-0.7187619919656474 -0.6443255544337763 0.15951014710993694
0.20481448448806372 -0.17799287469787273 0.200040429057483
-0.8023925453105316 0.9347074067953216 -0.6787168642516014
0.3418946743337197 -0.5689729117156839 0.47109604024420115
0.5651386773496379 -0.9146477213776572 0.884816328070749
0.23139365509473553 0.041944791391901326 0.24285877921200388
-0.9479310800863536 -0.8933387790396543 0.6969466877477906
-0.39770724101140686 -0.9959282657468691 0.990253752317622
-0.14145024976591314 -0.2062209102422774 -0.06975318668403561
-0.851144482202647 0.3407956891110753 -1.0250691508312948
0.776263666715818 0.01995898159307785 0.792155459897407
-0.4456405996371928 -0.9289063635351791 0.8311848214315789
0.9878481947156865 0.6778563736972361 2.1169566531109902
0.3355704473678771 0.5866423552738729 0.8765795379733525
0.9223007627740369 0.6993863419223145 2.056486574670208
0.3712681661041646 0.9869834597684535 1.7118400550440482
-0.19235335408862508 -0.638881918992495 0.33870783231169155
0.6494533004647371 -0.7617222976332523 0.7349710989409195
-0.5578241909774675 0.4601632924867396 -0.6027641515741741
-0.1862980910624883 0.47964976347971766 -0.04559203077118462
0.3656346994380921 0.060328184280479036 0.39133226678371036
-0.8854718187821566 0.1501179701299642 -0.9958616458690807
-0.4836615550842278 0.5523736354053821 -0.4457068134809652
-0.7508731349657898 0.3473363523602364 -0.8910361290791884
0.3440830744312511 -0.2429475940200041 0.3195124527952814
0.9435337166411681 -0.45298403407268717 0.7213225425182215
0.1449249888791213 0.055553376467443405 0.15606223898279667
0.6495164564032321 0.3134871523986609 0.9514057154761715
-0.4549440377027063 -0.6436890170079534 0.2522339933364435
-0.8576291998990107 -0.9613857228287741 0.8911457764239674
0.12939515986287908 0.03882183250136606 0.1359256517643274
0.41756951024318334 -0.43708136356616656 0.4260977776992959
-0.2944407288268778 0.34121039267773434 -0.2784824334589214
-0.0033663615829562232 -0.27980601707860253 0.07586697383700838
-0.670977833072782 0.5783442603619657 -0.7245519281669055
0.7819393367150791 -0.4285015459097119 0.630490696972066
0.6623240076632109 -0.22410889495047948 0.5641161030025608
0.8436300632398668 0.07245179080825936 0.910001834092604
-0.8231505447505572 -0.9401065228431427 0.834498925943552
0.6125247269049992 0.719813974806089 1.5715607435716417
0.9494560295281187 -0.6340818424097074 0.7494829839116126
-0.9604151560967449 0.6816242322718382 -1.1504458055132534
0.8729858394429806 -0.15471697205082546 0.7618574551616905
-0.42983657899661076 -0.5476311833008203 0.10545524830873632
-0.8071678148368067 0.023740521566553596 -0.8257667873885158
0.8689455878826249 -0.6818173841175654 0.7413583254969132
0.4705439817127557 0.40799560044602723 0.8289842660512302
-0.3155999194665937 -0.629302729715479 0.2790298969790722
0.3705346335880173 0.7814444697787213 1.270742333214605
0.823806750784079 0.47074748848028536 1.4332149076192848
-0.5539898907830969 0.13075509117091944 -0.609329995593093
-0.03090947846786407 -0.9342605966786113 0.8708108918348221
0.3356703912330854 0.04790889602000581 0.35404725142152166
-0.6373298141702852 -0.38493498569936113 -0.24382432805150261
0.6379484690458879 0.28250377884574207 0.897979707322331
-0.8347227766043754 -0.35168948204031136 -0.41747406387534963
0.3032974503748245 -0.9699760010976359 0.9499596450225045
0.6831920108672935 -0.027353259426702303 0.6652526833570546
0.7863626907460466 -0.10462235531452158 0.7150374111402884
0.9651909277557968 0.37833125781343435 1.4734873661224586
0.6919816765572511 0.9117451550946636 2.1541718454111995
0.7860670199469189 -0.6915020970432362 0.7206751774522904
-0.2944472360123125 -0.9251731886993311 0.8339128813209913
0.437335690524179 0.9279306539956145 1.7042081824726327
-0.3375187650112861 -0.12963182317801314 -0.276961182565626
-0.7985422834833518 -0.10817523064867918 -0.7004579072589223
-0.3245039059612882 0.5279344845096388 -0.21710588834186717
-0.970302776565918 0.5768089082882999 -1.197273545145271
-0.07082615964502725 -0.6210999176265555 0.3589290699520184
0.0583465378894199 -0.24562686199830708 0.10434761621431175
-0.815920265199158 0.05557682166560096 -0.8581777371650314
-0.5481691839664669 0.17726917107204776 -0.6139183218028723
-0.3291940608199504 -0.777133592812981 0.5305703234761647
0.40641388938465717 0.2509300713010254 0.571361256308814
-0.20597218571628728 0.9523897226195024 0.5049082052132979
0.7494377111488806 -0.4464534525738937 0.6141693428325363
-0.2993302631144885 -0.7493625468304723 0.48652085178867177
-0.18557563108936836 -0.7752510759836855 0.559306307402878
0.16247100968898542 0.8238918557847035 0.9751273414012207
-0.26825873790684973 0.36124149118814475 -0.23466950945673534
0.43955013738693505 -0.19247281358191226 0.3919944697018931
0.6542911790330461 -0.1260668459459804 0.5876996034088408
-0.5083272910344401 -0.9117040003231294 0.7863209178802752
0.09591170109626823 -0.8563641263939474 0.7471358779504739
-0.4322119360643739 -0.30070282849385443 -0.21182239331680727
-0.7052969849737696 -0.7620713414025784 0.41294236383951044
0.522736076014632 0.7834898923991154 1.5461509194560492
0.6287046453377754 -0.5336217603197808 0.5779663488581898
0.9615607335139089 0.29077686626601573 1.3257115362850191
0.15591498486688504 0.5555740464164867 0.5511998249579342
-0.40009070314939743 0.5920919668946156 -0.2864082972522394
0.3895365293947184 0.5303383816682778 0.8773815010651188
0.7341273691409582 -0.8028575742757096 0.7893079349149167
0.33471408554841475 -0.9710832832469283 0.9526815754067008
