0.3683950086697385 -0.23162188665445327 0.8475781872118339
-0.319245633279168 -0.6447745262532001 1.155313898470445
0.026107390809864794 -0.5209091351411492 0.9860596430617566
0.08283517403486829 0.1490858139911122 1.0089206776399569
-0.5074161516469045 0.6299783583411889 0.554341774668885
-0.4871094182938953 -0.12383122018909432 0.9440089067843508
-0.26461463922178785 -0.3180402298439855 1.0493514594568771
0.9771459705632439 0.6107424483209853 1.1561750613121193
0.6663038356589375 -0.45897119351819815 0.4802973060830961
0.6971914397516139 0.06877206960307514 0.8145957907750934
-0.574030588549105 0.5922625926533043 0.499742263056125
0.46138739388190597 -0.016652750220647272 0.8877523354218978
0.1585989304721378 0.5277263946601873 1.0711463720007843
0.7728249533130191 -0.29487448101844516 0.4880549010602924
0.44618495385967827 -0.3030553677692496 0.7668812138189509
0.1124323003419585 0.5912095210664732 1.0601571906959733
-0.8820014517442387 -0.385486426320667 0.9756068600449783
0.4768819137821909 0.42296559266504175 1.0901351171395885
0.9931911050294324 -0.7336102230369863 -0.18259592336817332
0.0860536236417675 0.023907318309121184 0.9983569826277799
-0.43327625760878763 0.5870046781195295 0.653259907492437
0.31238402488636474 0.7459493948323195 1.184626271184622
0.8047081206486884 0.39407609235643504 1.0104378327477617
-0.019961856237465048 -0.8131083807465596 1.016031921365584
0.3796303633862048 -0.26849494963909293 0.8268728426185463
0.42657045422359974 -0.3126354497213486 0.7770290330537626
0.7626155324315467 -0.33986971686617884 0.4638417120238855
-0.4556455121981531 0.5291635745754502 0.6568661547936452
-0.854500518892221 -0.5576662480226515 1.1331214200871038
0.2529647148297216 0.9783678648710901 1.2156672303926557
-0.4086594734101321 -0.11333373663829649 0.9639692501556819
-0.4624845558229067 -0.1520626005511454 0.9652733234067757
0.9031731490703416 0.617050294352921 1.1764244874184187
-0.26908553081763675 0.9698904905400421 0.7030309135502182
0.7257113207097738 -0.1926549230633834 0.6082156720128292
0.1674702672259123 -0.851616076727562 0.8433892269960737
-0.3063203060501376 -0.40098852420011144 1.0762805698657154
-0.7076999323994766 0.5977727728405342 0.33681537949255125
-0.44321346852709187 -0.5282176035225892 1.137491407303826
-0.7502117909988915 -0.512347924182404 1.115913941326369
-0.9982504644276642 -0.7821132957182464 1.3225186223252887
-0.6999465273868144 -0.9264563418040754 1.4133465334154587
-0.5419051508191273 0.6329548321751817 0.5137261349900409
0.5996559646669604 0.5044085015400941 1.1280013896009808
0.6027502945815684 -0.433809669592808 0.5623006561259742
-0.3485866111434064 -0.4583738043651302 1.0996393934493012
-0.6096232784333748 0.943070518385158 0.2449460299937205
-0.46942960531165157 0.9476139844223626 0.44698840838182413
-0.28878084205152854 0.5058598132179484 0.8125091613924099
-0.23597803970059483 -0.5737895288121257 1.1076878747599992
-0.6377182850118053 -0.9707701316015895 1.4225341620131213
0.5234854028084757 -0.8713043285590074 0.40996698720906755
0.9116445944039158 0.36200990787852483 0.9424708822840249
-0.12163403363948233 -0.9320966462011682 1.1059863715544669
0.5708673243705829 0.24070079901586894 0.9788408436413422
-0.4071773184018379 0.2839133661400062 0.8026392318620756
-0.7650068759337645 0.8380326570985321 0.08027685064360202
0.5479924345678702 0.5044261675996731 1.1299938558376557
-0.4938603859644599 -0.8579656554082116 1.3042247407638055
0.06483039656798129 0.002035504163180102 0.9980312083229043
0.790900353432048 -0.615872388032729 0.21611177208647037
0.13761717912451954 0.9516715817836101 1.1215120495422672
-0.7296495494701496 -0.8743465738993801 1.383374645123956
-0.6544678807754438 -0.27353868731419073 0.972394246151067
-0.24022947177191356 0.2214237191481776 0.9180909001468798
0.9980537096203017 0.40196831404439104 0.9431249953537761
-0.20764194563777716 0.5898681085363848 0.8560383931883592
-0.8385887568448567 -0.6317660604325586 1.1983049485716937
-0.03935888897777917 0.7928890617038094 0.9680183063635672
-0.49209602835749244 0.8276344115771559 0.47406886906478307
-0.8894299950320075 0.9944115264051061 -0.2546045799337393
-0.49482279638390936 0.2954096871000558 0.7338774258963789
0.2356250238012918 0.7778957045503292 1.155660312875135
-0.37830721600123596 -0.015074343398030488 0.9349939258438893
0.6655830184042606 0.9084004415327436 1.3911728023724192
0.6805474632433037 0.743955280113376 1.2835252398219565
0.6829291856241941 -0.3027043215686951 0.5690019182499257
-0.07911630266712422 0.6805393591240287 0.9430301795703432
0.2301620073550512 0.11127674445168245 0.9992411270672611
0.9236087099805868 0.6507021860240132 1.203939329254092
0.8670940092453325 -0.6313411481211992 0.0996128269044182
0.9400045338137779 -0.7509900147050246 -0.11614965496460439
0.184921372697882 -0.018740455527539224 0.9794852000503655
-0.8228332968626271 0.8709116193125181 -0.03646816040896994
0.39155759709146665 -0.8188723623892715 0.6036800632206698
-0.7773599396621567 -0.25867053717800603 0.9138478716262592
0.19196939149598657 -0.17080684054571216 0.9488407086605724
0.7312635569952912 -0.6629751637255612 0.259521603487536
0.752288621551688 -0.2972415912392463 0.5065154739228247
0.6407528196674139 0.2329304052241019 0.9508967640979852
0.9847830660488037 0.34005164314634273 0.8879209661976416
0.11939390339439093 0.7819251788989665 1.0862381099273597
-0.20836433320716652 -0.21493875442638277 1.0231561474398296
0.038327794114315195 -0.7828063941932837 0.9692623377042185
0.6362865880470094 -0.8692124950114042 0.25123960252461053
0.9423636711377221 0.060341218096385374 0.644740949286007
0.42308582017451446 0.977487075504125 1.3253872405828453
0.43924219907433115 0.7559603044366539 1.2371238472612855
-0.08626888758811857 -0.9525251159226304 1.0784544289343199
-0.7578326107902198 0.3087301405273011 0.492361699567496
