-0.020445059868958948 0.5233253088252918 -0.294314438726046
-0.49989025267621656 -0.5842498160826541 -0.8412381002688317
0.9859013065953965 -0.9565895304399858 0.07083777684800396
0.1560032504624982 0.6166729325322007 -0.22428225525536594
0.041799408405258864 0.16738570075135595 0.01378143558923638
-0.45480469419987246 -0.8764280286280379 -1.2229307835647014
0.35923412391120557 0.4417016217544638 0.16413380125068214
-0.7209509125714353 0.5128860904348107 -0.9840030543329401
0.6858326867888465 0.7470904551515416 0.12768853861030882
-0.519579045389619 0.8225905308697301 -1.1962342268661632
0.15124512867580564 0.8369400643091378 -0.5492235425699781
0.0247674187136242 0.8130169930092945 -0.636229212208251
-0.9511699006359671 -0.5838720628417449 -1.2920764864030416
0.3535185077033596 0.997118818238433 -0.6407274299818495
0.06775361140613101 -0.3389469293387839 -0.04713140950205956
-0.7518336547626794 0.6899077005274012 -1.2278062900096858
-0.07769029795947868 0.6878094458462827 -0.5507721317548491
-0.9231156294472267 -0.07855056801383942 -0.9292858211825235
-0.7275638580231616 0.6929569580219037 -1.207753203694132
0.5327973104869275 -0.03824667109444002 0.5313345026371212
-0.11554714661336152 0.06876586876968616 -0.12027589132101121
0.5876098323631991 -0.5693501434766028 0.26345024648637083
0.47305015836057795 0.5099748619087634 0.21297579858171567
-0.16208807733068165 -0.6273031891544236 -0.5555973684539922
0.5976979869771613 -0.3751490824587107 0.45696115290754874
0.15163325622567325 0.25509433655087754 0.08656013568534088
-0.07344299469196236 -0.27711833458738977 -0.15023756605645086
0.8276192777868985 -0.8700014613011089 0.07071673512083365
0.9194191553756723 -0.6482177660461212 0.49923288315784836
-0.6078794799340654 -0.925347224189264 -1.4641469652488412
0.3878268012355557 -0.6172150581246107 0.006872373259789066
0.6226856631787321 0.7345287256249051 0.08315321441058499
-0.43232502566507947 0.41568366963115166 -0.6051179388631
-0.8953059137530528 0.7545025126454719 -1.4645799553413832
0.27405209040211176 0.2250411745312444 0.22340856016770977
-0.608145979207273 -0.7757423823807343 -1.2099222230290105
-0.11564599943221054 -0.3458673913928769 -0.23527025186112405
0.8076431569701066 0.19008482510457747 0.7715109162350687
0.14226275281399192 -0.046667895514919566 0.14008486034220047
0.5680439479580204 -0.07499482891954856 0.562419723593348
-0.8660145544737352 -0.6466099240059444 -1.2841189482967084
0.46803204206026616 -0.14825881742771108 0.4460513651152028
0.46881196421468463 -0.35000035959341846 0.34631171249916237
-0.1315720803244922 0.9583746111721434 -1.0500539756638494
0.1367887335581821 0.8565835667736568 -0.5969466733084976
0.5861764650406072 -0.4522858635308087 0.38161396269079784
-0.03729921836543615 0.8456275733086704 -0.752385211105347
-0.41742623725712646 0.41433982055997154 -0.5891037241587959
-0.49286741021834213 -0.025540239999383152 -0.49351971407756823
0.8066409974914701 0.12708782470922242 0.7904896823021481
-0.9978739265557401 0.09349188876111225 -1.0066146598198604
0.3214437370898864 -0.053566788083916794 0.31857433630425913
-0.10457559635101088 -0.34348857883019224 -0.22256000013779606
0.42900950542866445 0.477224489304789 0.2012662922364478
0.9307248035860882 -0.2457815970926578 0.8703162101166706
-0.6976054905569113 0.6864349244161214 -1.1687983960150776
-0.6389057763273109 -0.14566946232856326 -0.6601253685824037
-0.8917850501179965 0.8790088106005329 -1.66444153923136
-0.3120915710739307 0.5147217003116198 -0.5770299998456156
-0.23754429104746988 0.5930665507538133 -0.5892722246704953
0.9371491277855171 -0.319774796396159 0.8348932073753121
0.4375462457809858 0.4327392344090968 0.25028300078401455
-0.6033589291177299 0.7560707270559832 -1.175001873428693
0.5922089434370286 -0.7327291668924214 0.05531691142216666
-0.6410133390619519 -0.4561402916045554 -0.8490773046870407
-0.6401566639323117 -0.9935426930228985 -1.6272837467915053
-0.14619953486924286 -0.8795070339268509 -0.9197321575960498
0.5043424482439516 -0.5605518205592508 0.19012410471166108
-0.4023182579644995 -0.8602103224006838 -1.142280056729188
-0.25604339284402045 -0.16846565974887406 -0.28442407135864384
0.28075877059459864 0.20349880061506065 0.23934700874283044
-0.4512503221168713 0.8112537074336486 -1.109382899941711
-0.513198735881867 -0.4967155473916196 -0.7599250709024233
0.8148540696544484 0.38341540163734855 0.6678466994417191
-0.3280338082121581 -0.4877853220441579 -0.565968328613881
-0.3778525002497284 0.49118957987031076 -0.6191197036229008
-0.5851937262911955 -0.18080135912817008 -0.617882857753789
0.4578692658420973 0.0237215438569216 0.45730655419914146
0.8324328254627626 -0.2367877955477975 0.7763643653423771
0.9869106767995903 0.12344572554708089 0.9716718296437451
0.45301270095465007 -0.7368992318476015 -0.09000777694293516
-0.9669257645582914 -0.17169616819127653 -0.9964053387298585
0.47761237758193076 -0.7950299304659874 -0.1544602127548219
0.2525242568414714 -0.5252803754738491 -0.023395216016476483
0.6693053987349453 0.45865656244849173 0.4589395564578781
-0.2707340379968428 -0.9377184239319707 -1.150049880578302
0.8372695866871331 -0.9073341568878779 0.014014314431696984
-0.16381014212789724 -0.07219980867801867 -0.16902295450103974
0.6284250294238207 0.8970116983752183 -0.1762049575981729
0.04203643179513983 0.46781375225987465 -0.17681327500832356
-0.874536748101389 -0.09863513830125559 -0.8842656386090969
0.5362913000309386 -0.7676654503291696 -0.05301894359814807
0.10724906510762944 0.5742738448749654 -0.22254138379984634
-0.7888039215641296 -0.6939131892539634 -1.2703194357847365
-0.9322628006115166 0.5579311602948998 -1.2435499802395298
-0.014723282608247734 -0.8009496848598932 -0.6562436802854099
-0.9248341361650179 -0.03139412089195992 -0.9258197269915969
-0.7270305938978934 0.863352877243289 -1.472408784542159
0.1337962734513034 -0.008773945504300107 0.13371929133159097
-0.7032363171064284 0.13035879082023683 -0.7202297314505427
