0.11533278547266113 0.7835167163504062 0.2849510570225444
0.6832787980425827 0.12307531376768877 0.7912065789512565
0.4034887941507421 0.9786997198662497 0.42433537235071617
0.24743361926462848 -0.021190712242143306 0.22579386073715585
0.09021718278502266 -0.5523394578059584 -0.7672011516703159
-0.6644222774636921 -0.17019340455095544 -0.8635814769672927
0.7537889000863744 0.843024278808937 0.886123244233983
0.5874445901170027 0.7204206267702908 0.7888593374111948
0.976415131181996 0.7770376762453066 1.1496652571225967
-0.007462709204969498 0.09546516162322316 0.07888885533450554
-0.4494735038395703 0.012909408379333742 -0.43673074828494096
0.13259238720272215 0.3522433033372747 0.36076034579404154
0.9784212228848599 -0.30513122116249414 0.5801849395942509
-0.5431887811691292 -0.9999771001227986 -2.5431200820619297
0.11419069007169003 -0.41359764389035036 -0.47046996485030945
-0.4304947758355746 0.1542723389123679 -0.3000223914766992
-0.668330964565097 -0.27686066924305663 -1.0218434639818668
-0.8543539544203378 -0.5523437913780482 -1.7117814096722628
-0.29188501201886874 -0.9057441469308343 -2.0180016186491674
-0.41061617373429615 -0.3978351356078629 -0.9667241044662856
-0.5042846623129886 0.23971946639456498 -0.3220306184869186
0.254365286671431 0.11326133635236779 0.35479849271147457
0.33192141016883503 -0.778115754812762 -1.0516584725317613
-0.41381877508447995 0.4766288763217068 -0.16436498450646608
0.8819165055038767 0.19467368264689422 1.038692345435467
-0.19874858442081522 0.8875142436461605 -0.09891587344947106
0.8230214964709333 0.013448793963958483 0.8362894203758068
0.6642805424476399 0.014142818164853965 0.6782233413068497
-0.7008236168147188 0.44003186051790166 -0.45441979456766324
-0.14331109751401416 0.2942298386423938 0.06434754318085056
0.665895945193316 0.3766436309897465 0.9006791514179221
-0.40939553893606306 0.8057089521309471 -0.2528535023490648
0.7887008205828658 0.6959827758944146 1.0002915721355854
-0.27244771270109913 -0.47677205542280454 -0.9765313609559895
0.0026026931766580663 -0.6027812367732639 -0.9635237630025115
-0.9204703341194915 0.9921640605277167 -0.9126957965946214
-0.7458225411697015 -0.3882037403801335 -1.284728425594961
-0.5262208990539814 0.6866801404031548 -0.311070373874923
-0.430686601456185 -0.3480859870735422 -0.8999364429266894
-0.5038659510805814 0.5258036263149095 -0.2545317782115809
0.7408651966042767 0.9689765241584389 0.7709262163925459
0.2559778318820758 0.8091397417063884 0.4104104519797833
-0.04538028524002091 -0.723038023079954 -1.291202291139343
0.5468959855370423 0.2780642351801348 0.7476405018308638
-0.03581195280573124 0.613419968969132 0.20132395783330992
0.184183807090049 -0.9639014272912809 -1.7088235817354005
-0.754626469509247 -0.4783083096529839 -1.4617136182453256
-0.16797635944163458 0.8536226433001299 -0.043025333296205504
0.854094558102122 0.9343900528452762 0.9153998400912001
-0.49445063609114914 0.1765675900444208 -0.34905915990082304
0.07740004326422323 -0.23870971869135382 -0.21829200522483588
-0.8747828219382259 0.863174698842557 -0.7566786838176078
-0.277394130371309 -0.8484129120676169 -1.8456115118019798
-0.5779152571047776 -0.956932467457595 -2.4505674718368535
-0.1397760467766882 -0.6039164353691757 -1.1084075430548757
-0.04944888160609606 -0.3821688636871323 -0.5776707856651423
-0.6709954547010017 -0.07628885728387846 -0.7531043017305602
0.4737362851616691 0.1068971094013067 0.5692064025646209
-0.42462928069371797 0.9195258286945496 -0.3506312016355664
-0.4532378398506962 0.6226774530535086 -0.21828759733839198
0.7836897664030049 0.12462023621948393 0.8927797993470888
-0.04260837087877056 -0.44706540159235475 -0.6895412457720588
-0.6576889806154698 0.030579340186085435 -0.6280447364756007
0.8516784007760771 -0.793250772722736 -0.5708191603718767
0.07539386201030385 -0.21000061207636045 -0.17870700713850263
-0.9104646630427258 -0.1742654924444318 -1.1150986173440578
-0.9666948024964095 -0.5669919916131767 -1.8551667126630629
0.7591800218431006 0.5469274417408791 1.006977837054757
0.5387569098323688 0.6332195797850217 0.7710094533942711
-0.5479987741109451 0.6960726343471417 -0.33644325205077297
0.5840246907069881 0.3782721698902973 0.8192070260837715
0.6035417219357686 0.9389276087845602 0.6608842761824367
0.9620051518975483 0.7256843093195331 1.1610717444245138
-0.40030113302580883 0.9012814334911123 -0.31132792189049097
0.4723082058261798 -0.7421032483871028 -0.820512273827613
0.7741585806646731 -0.7613974252792504 -0.5669648838364488
-0.8341450308717346 -0.8720281184424608 -2.466606188668494
0.4451711113349217 0.5323720098002469 0.6941231643164144
0.523799690813479 -0.36010314439717317 0.03402227181157447
0.9734643962102933 -0.4394386483195347 0.34091942225385896
0.46273024253204875 0.4990360328783796 0.7127293132994372
-0.6467422920500088 0.9961006548746332 -0.6428581518170486
0.16766313374980624 0.45877846018848634 0.41596391840537406
-0.9425015896874049 -0.8525779189359783 -2.521968616480587
-0.5851952711908146 0.0870126915818088 -0.5057537881053168
-0.7376134711211646 -0.9620645057629693 -2.6252460901330803
-0.9964856000085371 -0.5097344687834335 -1.7660492974578998
-0.6111720270790819 0.15155368856673923 -0.4825868590305269
0.062461178468838474 0.7223996243598954 0.26299958555341596
0.2975611297499945 0.2694245272323059 0.49439608110794886
0.27594975501786645 -0.9688766175171053 -1.631648762470626
0.28880316549317375 0.012039695262525463 0.3006979064936847
-0.013885646132964169 0.9179429340414793 0.06143805775183553
0.15084075096320348 -0.941273791692185 -1.6764293916555641
0.3874517381992839 0.035692892668555354 0.42187064828079024
0.800586942636274 -0.8367085480009808 -0.7362027996626165
0.6229282858690315 0.3734236557440447 0.8569067149438294
-0.24648811308874063 0.8918233884548847 -0.15001368082900823
0.9673768808995586 0.97758667058779 0.9892878529764284
-0.7287127099933213 -0.7363451380575725 -2.007262010391919
