-0.19524914936990867 0.9573643850452769 -0.1531931370623878
-0.9276971739240751 -0.6790384992383576 -1.9403728916057972
-0.10237682460207043 -0.8419806287601324 -1.65311009077266
0.4441935795844272 0.9670848847701159 0.4615615671648383
-0.11735435685369255 0.5187187133320459 0.13256443573940258
0.7617192294280231 0.27104859140732507 0.8877478382607789
-0.23360192726355522 0.0014756757892497863 -0.2300096144404407
0.4648117887163834 -0.9003048648009959 -1.2625991481852445
-0.018919268716725224 -0.5753401042965047 -0.9252744799888433
0.8181755410563858 -0.45566925208377396 0.06659620959179147
0.17782111299942782 -0.7196151009731335 -1.060575528608115
-0.05163073751542968 -0.5071143087422225 -0.8158870324853975
0.9310445222541885 -0.32153736837985036 0.37732030673019223
-0.6277388289752928 0.9955108786202393 -0.5828471958244346
0.1466477715576986 0.27507989279612066 0.34553365787661433
0.2022250333750264 -0.7902090741379022 -1.2137899369298475
-0.9199412696179163 -0.9492888139281954 -2.646004104792391
-0.6557094867482758 0.11391424167541842 -0.5087839597423354
0.9377428870316045 -0.8498471854418048 -0.7658625977849236
-0.1532897589256943 0.13787415599879638 -0.03382526333162075
0.162843485272526 -0.4229238974751932 -0.43966379553444324
0.7031354958042553 -0.17386309274756484 0.44252120825299834
0.20329511754350138 -0.7039846842844937 -0.9976814390211326
0.31445179186593153 -0.8404286223173549 -1.2374537011375601
0.6493243048625865 -0.33811973027247055 0.15220367540018603
0.41961261893707924 0.6069594834212126 0.6459663780153448
0.3453635915215414 0.08435079441495619 0.4157745598378764
0.0009738334694147088 0.9243790627301542 0.07087624443176777
-0.6338794570391559 -0.2811194940191224 -0.9524226886571239
0.5360938848207724 -0.24291807055102788 0.20885450945132783
-0.5363891246443124 -0.33888819886741417 -0.9647689776853264
0.9799106315603487 -0.4597366710063524 0.15935310926535207
-0.5747916363849184 -0.8579829617878156 -2.1377776462436335
0.5387258675372675 -0.6741411906711072 -0.6155647954838651
0.03037027807185444 0.376469925636453 0.26510593032471413
0.14303313959204256 0.6110207440074074 0.3802203258884336
-0.42253166455597424 -0.663045085396794 -1.5127446494284893
-0.3128442128553479 0.9972097086482434 -0.3049835326553991
0.7610610785128105 0.6609478626699228 0.9137859505604986
0.6671697846636164 0.3381654679219597 0.8425747030413412
0.6204282849412424 0.9851215995093783 0.596040712814046
-0.9190779574354955 0.0726635461728582 -0.7276591347189083
0.25512383030603325 -0.734709322562872 -1.0221418784815108
-0.811673686497689 0.0696113849299489 -0.6606745235847233
-0.8504307579244708 0.41309480545768684 -0.5091171412391091
-0.5512372235643106 0.5192504898747952 -0.27411217340542393
-0.8885831522975696 -0.1290725859724995 -0.9219115052944982
0.5046147705811181 -0.9153092785324406 -1.2696300924208461
-0.9448554764176842 -0.18143982264963476 -1.024772503557227
0.49842638073913004 -0.37594232365192104 -0.039230989608202815
0.4378258508426711 -0.7686035475700694 -0.9353835660493154
-0.255566097890932 0.4573571645161971 -0.004611571755898991
-0.9314136830441964 -0.49035265566275577 -1.5332626699260574
-0.048930912270946036 -0.5820991876216686 -0.9698500411159658
-0.4256218428062224 -0.26824972570587624 -0.7530948659165002
-0.7943637318485075 -0.8164523671983046 -2.1964647266742605
-0.17047844097247822 -0.05764393669207446 -0.23062063394937335
0.7827391683509157 0.4316398449409613 0.9505509794628471
-0.05490592285407114 0.09509479733158921 0.031173436958224596
0.6126462617513166 0.7065112745890012 0.7823875484271243
0.32066259967167987 0.36505100181806105 0.5469842224827686
-0.676968934278305 -0.127971332880487 -0.7707812600615979
-0.036349979667740895 -0.8438088839339337 -1.5921642917376344
0.15106413799878737 -0.8296147876139159 -1.3673852469015388
-0.22080298890454597 0.6497774222014476 0.008553536334510614
0.7823451795397669 -0.4043655970063835 0.1370675705365656
-0.5805931428230486 -0.7288045955072202 -1.8084807161175385
0.5063998288090572 0.15180114591874294 0.6137896183673449
-0.9505455349393102 0.1667924993551635 -0.6747599506688927
0.8761511536055862 0.8553242271574037 0.8920255729556418
0.36168938807979023 -0.7127483945052762 -0.866903845615144
0.45407619140999445 -0.720840849657737 -0.8018200750464975
0.37005054683422456 0.4425264696689397 0.6083593510100475
-0.7926897248194593 -0.8005750227742026 -2.1537392406472864
0.624280423390936 -0.12451171684614937 0.44449868694218997
0.3451236837808347 -0.7692961382968446 -1.0227996162645707
-0.45765722431420275 -0.4765051548156065 -1.1454099579371237
0.9385060140419261 -0.7391914526283077 -0.4789193917940634
-0.9638440656709388 0.9087197901144177 -0.7384420256683357
-0.02608188184195015 0.45486035768432753 0.22188348784573192
0.06917603666426952 0.733088992157974 0.26479039997294496
-0.7992595826639501 0.23279444760319135 -0.5382388478189056
-0.362959358007344 -0.9457296010885263 -2.1951764198827197
0.5433772163431485 0.9214531293171739 0.5894069817024379
-0.6400001558172093 0.02372586406368815 -0.5740326189045878
-0.20452807202963807 0.4712166879900348 0.04606642995992527
-0.38500316109780797 -0.5642748868992815 -1.2582431013305972
-0.6231814967117544 0.6718683457577772 -0.3631602954826483
-0.5525876075088714 0.08921332923750103 -0.44363716431902567
0.729558600292848 0.24205034167846717 0.8500026240588724
0.3787496376074473 -0.8498638931214506 -1.202373517522699
0.3268286893597867 -0.2161725059516062 0.05813815150945173
-0.4259371717447529 0.9473121240688414 -0.3632625366475448
0.7596502080015539 -0.21561791553112375 0.42655886010356914
0.3769159287589654 0.2582558891722855 0.5596144269354375
0.7054815461983885 0.5344898621474898 0.897210954942655
-0.03300685134775727 -0.4853694917356728 -0.7539538936863004
-0.4015323508175588 -0.3033747557128974 -0.7862402712439172
0.5450867095881564 0.6290222753093506 0.7518454887647503
-0.9837693942361991 0.7188687900225137 -0.6304946503584747
-0.4398444151034979 0.8768633416471372 -1.1946880141419836
0.2196179984152744 -0.20367251700014966 0.17637431861398412
-0.4615600261813324 0.7229164091449765 -0.9679535661515024
0.9125342673617454 -0.005729946967776733 0.791023766257219
0.6436240101427273 -0.42254398760306655 0.42155489508838384
-0.9327095640809069 -0.8339320943531148 -1.4986796037387986
-0.8793412441650164 -0.22768101222738601 -0.8221576279895796
-0.6870624383336434 0.045947342754590226 -0.6363800146344087
0.6830459217460203 -0.4044794247008008 0.46755492414792676
0.7777265963340414 -0.9028506912106384 -0.11347796087174866
-0.5979109352691965 0.8649270473556401 -1.311015860268826
0.3808009275844837 0.3406106794955923 0.25564850850042775
0.2162048695710883 0.4197123989905365 0.038365904419282226
0.7569485298758998 -0.7214323559421589 0.16624178147802293
0.8253302771741269 -0.2281105507462775 0.6827374306944827
0.7300064495627074 0.8615657575887339 -0.07542111361058501
-0.0691000093132923 -0.024890268464972998 -0.06966455798698097
-0.4329364580600339 -0.3431043783631307 -0.5372587555546317
-0.19840081561026368 0.5560992375237073 -0.5063481322278633
0.8771674694334268 0.09150346653394847 0.7605581549277367
-0.12274228146836919 0.11516542455689316 -0.13569738948964316
-0.8430476683720658 -0.24188281595734673 -0.8051811605959615
-0.7284067528801328 0.05499844060128667 -0.6687063706013344
0.3784419351200077 -0.9204399753695582 -0.47773664823079803
0.7770665469194376 0.6313513523846119 0.30258643461612844
-0.9154160455832621 -0.4158628807935978 -0.9657581545712247
-0.6031763260850791 -0.1705317154812882 -0.5963422216645352
0.42965337930091874 0.6657202135132081 -0.02662769163080536
-0.7638530420579681 0.34180506258230237 -0.808539848807101
-0.13445256843324138 0.40574846582137103 -0.2986796577154933
-0.4594116866909741 0.02742970334969086 -0.44417325918389766
-0.7783876857702059 0.37387767027768426 -0.8419168019084651
0.6519732835427954 -0.9872403309065396 -0.3678873454450623
-0.5637691801133289 -0.760750214663815 -1.1131167633838674
-0.6683363179808408 0.15684970739796844 -0.6442829289431271
0.7155582171492167 0.6331043195900645 0.2552177410408688
-0.24942943431734355 -0.5128300463504518 -0.5098457472764125
-0.07547619001378969 -0.9855335353461059 -1.0466808994082233
0.40551252957724615 -0.7022027104671014 -0.09859887082583862
-0.7545369238632786 0.7864966467763201 -1.3035283254107213
0.8341738176688911 0.9333012110474641 -0.13030940689057569
-0.6462387580211606 -0.7785013932621945 -1.2082522875421726
0.6444618178783792 -0.8767280179212504 -0.16788372714683752
0.6021529226341249 0.25221222902338947 0.5028070386996664
0.8038152362081785 0.6024252941418864 0.3570927291719099
-0.49436887013854225 -0.5036646835414327 -0.7281542956163214
-0.5259458030740971 0.312389776741421 -0.5996185790300201
-0.5459343292051841 0.37371063597097853 -0.6588764739460506
-0.211177077406264 0.10994455500855738 -0.22169877843689276
-0.5744374871097278 -0.9114582682151693 -1.3741188228784997
-0.5937539184149028 0.55858678469706 -0.8714955750535374
-0.8938573834022918 -0.2333456598847865 -0.8339440408213723
0.6839508902142171 -0.8596319741668723 -0.10710691811505502
0.06429135113855833 0.6531757401250711 -0.3623914772711522
0.605592125026235 -0.23544611758799805 0.5138141263119034
-0.6183313535067103 -0.995403574845998 -1.5705045536395787
0.6969158108450333 0.12168486442265314 0.6270485027999655
-0.4568837793070557 0.8179972748141953 -1.1102732002026032
0.9021207527231694 -0.5799089206044903 0.44834907193379103
0.3928135706918785 -0.3004768199770951 0.29250288455072876
0.40256107734952895 -0.17415940940550456 0.3614444711751529
-0.8192432858999701 -0.14532975410110138 -0.7517501114633831
0.0870958241920261 0.2533394185691431 0.022804891401622465
-0.4758292762062515 -0.13286522809458945 -0.4757289279698979
0.43940345234798617 -0.5085218081930456 0.16680523242039247
0.11681897203158442 -0.701916470611232 -0.37613327681790315
-0.6191870500656527 -0.11628794752185079 -0.5938962129116633
0.6560208719360319 -0.97800006711887 -0.34651560514861035
0.9402163938759642 -0.9614700080668608 -0.11673886839872005
-0.9850882285053366 -0.9495496493292674 -1.7349654020099838
-0.25693634956742195 -0.8675382691739555 -1.0067413174582438
0.11873793155191148 -0.7657018012506591 -0.4678401286110472
-0.39855231107558176 -0.0017658904890918148 -0.38808764327186207
-0.6750879265316598 -0.6821498045897578 -1.090294315068348
-0.31393849475046176 0.36552320007610906 -0.44241423131400337
0.06691550126309997 -0.9532856525609068 -0.8418879606846346
0.1960562235536758 0.4351107084300836 0.005481303751325994
0.1647617227595215 -0.13346194490929886 0.14620519454726438
0.4858607963301822 0.04519939935419326 0.4649267258789766
-0.9389201251385331 -0.4073313446216602 -0.9728395567196593
0.11816206010295383 -0.7876715035844943 -0.5025391140400226
-0.11647423703520232 0.07685964969636272 -0.12211846830248
-0.2551463344493414 0.18587578877714495 -0.2869368172621583
0.5815386025623512 0.8589830282618176 -0.18854157164909158
-0.3926163172285613 -0.009932929174327754 -0.382705629736474
0.49529877105741416 0.9190196660415177 -0.3693026073237411
-0.46966397001033866 -0.6363949820804464 -0.8575852393501251
-0.5553205430938486 -0.7940974349995933 -1.1578064391170049
-0.5518091926498698 -0.6927623375236376 -1.0041484100556552
-0.30847032255568485 0.815423896560453 -0.9685176480067963
0.5704205073614979 -0.153017767836642 0.5165715892969286
-0.5819478887986311 0.020999915927964796 -0.5500932287814672
-0.6759222160511968 -0.05662172572973834 -0.6288230511997935
0.8978700502498251 -0.8907543391204351 -0.0114421568833466
-0.25677449322444534 -0.4504050957524639 -0.45682687283638834
-0.7432936091894569 0.38826895390404004 -0.8274692573400021
0.9242728391595767 -0.15095653814091525 0.7753950451413981
0.5036812649710447 0.23171585976722686 0.428960657069412
-0.891151335740417 -0.29126574466819943 -0.8626316309124974
0.31492932459926504 0.1713802708567882 0.28037807529984704
