-0.1880358120836798 -0.15932681540794655
-0.30143260329207977 -0.2379596419106807
-0.7088342191794497 -0.5625391517461258
-0.2790422946108533 -0.22290520969090313
0.5214646920037513 0.9351896250093573
-0.2748823885614171 -0.2200922643352035
-0.4231661441972807 -0.31987274468164073
0.25797700456893935 0.3416980598609537
0.3101175568255159 0.43611536036359855
-0.5027901714026075 -0.3770965428018255
0.9399149820653263 2.6537138104174405
0.7593762167807041 1.7739244507483163
0.7951505418918332 1.9301602939346023
0.858572785479798 2.2286145622702804
-0.8553197705760713 -0.749475778806096
-0.7362559414814018 -0.593287458198971
0.8737562584012604 2.3042754721826464
-0.40562512679938667 -0.3078315926244367
-0.29777419563343477 -0.23550820462680216
-0.28109190175868903 -0.224289062609374
-0.6908635764181237 -0.5433150857708695
-0.12165880771573523 -0.10865859787018106
0.9116118175397907 2.500230258338808
-0.34320954340365817 -0.265844362626985
0.6216040115742165 1.2481780945604701
-0.5404394993646477 -0.4062134339389243
-0.49217972560105183 -0.36916489428451604
-0.4247182491226884 -0.3209457104198718
0.6880011799980099 1.4870091513144719
0.7892524550728246 1.9038125885379105
0.10896671260297808 0.12213429995808178
0.3197839025784508 0.4547473066189354
-0.5691860888520606 -0.42961409816610174
-0.2493340155081598 -0.20266702448263638
-0.05609196704267738 -0.05312214092360934
-0.08697924841134141 -0.08007189066320099
-0.15936406059510433 -0.13801451050334715
0.3969365418661168 0.6170359332115025
0.8874127221454509 2.3737527688839095
0.6580983995773404 1.37621004464157
0.24525526450002588 0.32015754892905296
-0.06280400399830777 -0.05910738160849486
0.546193528742257 1.0074653789816308
0.5229327776200643 0.9393919798081849
-0.1272250913875126 -0.11309816132112031
0.9377409875277685 2.6417093362752064
0.5952283901188251 1.1604127620788907
-0.8529822893373522 -0.746015321904216
-0.4493191471619544 -0.3381434585476717
0.7741818104534304 1.8375509416877942
-0.23827759126699943 -0.1950298794462051
-0.1760340609783697 -0.15050101218503012
0.32784947003348663 0.47057373548028414
0.29942061270458953 0.41591718337340045
0.0034205000571565503 0.0034322398970347296
-0.07394578055585233 -0.06888213602927429
0.24498776670532352 0.31971069474004016
0.11006662218189045 0.12351470335062978
0.3121335852998528 0.439971316259614
-0.3563422342481466 -0.27461070766702056
0.3920377183086672 0.6059849683969967
0.3085565058995434 0.4331403986934967
-0.4583122211092072 -0.3445306533081404
0.8502331174759357 2.187759892247125
-0.3844661924340238 -0.29348152239564645
-0.6431113325106372 -0.4955049683637971
-0.6233977944515201 -0.4770408338268253
-0.7004534407132992 -0.5534854078257898
-0.6617288162841244 -0.5136049301058994
-0.7374057977080954 -0.5946156545766371
-0.5689177621697579 -0.4293904863950301
-0.3175724293442528 -0.248748074828599
-0.44797566313744785 -0.3371942076530405
0.52135095440092 0.9348645158526512
0.42550311594806245 0.6835945914464936
0.5120503417334699 0.9085032164457665
0.3638576080310436 0.5444219339920889
0.39697879448376705 0.6171317047484802
-0.42593434302689737 -0.32178731447155845
0.4089451848127228 0.644571773062814
-0.31476426349731246 -0.24687347656102437
-0.8935523390761821 -0.8085607176132409
-0.044532721648082196 -0.04263787400980179
-0.4444897282031801 -0.3347369424781885
0.21680024393433617 0.27399270973274314
-0.8579797845009747 -0.7534345411726613
0.08565018228078003 0.09361446177923743
-0.41755942974139204 -0.3160074931004244
-0.008095888107898741 -0.008030875335710189
-0.24809231698837975 -0.20181255117334895
0.30015113909974955 0.4172826735217363
-0.5835845094763388 -0.44176551954768073
-0.09400508998938717 -0.08599885197821924
0.328720363326064 0.4722980022898591
0.5278410420706052 0.9535222550025213
-0.8260440873402104 -0.7073454731294357
0.2527398841652049 0.33276171228616624
-0.09989961276641712 -0.09091667154079688
-0.1309587266572827 -0.1160545053634835
-0.5332615606599469 -0.4005361345132822
