0.19505363042224966 0.11188363650179611 0.3852146092051868
-0.34835812865213356 0.6539808488773031 -0.5418453401067259
0.2505588303994495 -0.006839541532250193 0.4958791579488081
-0.6949630579086579 0.4033794713630414 -1.1779236419772143
0.2195097138372153 0.5062134725622207 0.3808844994615997
0.17521569647238833 0.3319800632351999 0.32960487252213105
-0.5934536054985862 -0.07744223894451197 -1.1151027019842155
0.5235826728455113 -0.24503466157934306 0.9701018592208039
0.9669042299577668 0.5615293368592766 1.3934661302867926
-0.24524211935324924 0.49348886979551554 -0.42764540972812665
-0.13236198583902814 0.5678024550266896 -0.22253364105345033
0.9856347334153204 0.04096584255418301 1.665846896044043
-0.3141830499292262 0.7093511375271795 -0.4689890422179972
-0.6670947394645848 -0.44197332035359205 -1.118508617963297
0.7647893362126326 0.7593406381200429 1.0043599944996275
-0.10826416907560432 0.7265784602611209 -0.1615285053114775
-0.6434024979810871 -0.00489569880845897 -1.1998278380657725
-0.07388931585487102 -0.8917627417774496 -0.0927266505948009
0.0923359461645441 0.427090823389946 0.16784493233660203
-0.23354140132997103 0.7346370514775764 -0.3434678515225829
-0.35778062238078157 0.3936295642685499 -0.6468286359367496
-0.9159395930864005 -0.42415545235715735 -1.4457056234979984
-0.20237227531782365 0.29040484859506277 -0.385155505380674
-0.5583694147521878 -0.17157910599766413 -1.0440490624374992
-0.5229852917480893 0.40919004177245033 -0.9164683445166426
0.3044769195808503 0.1663869501699946 0.5913078335802499
0.013992151044400991 0.818644891821972 0.019118569298734848
-0.9125041070630342 -0.43405844768342927 -1.435364697264452
-0.8992174078550945 0.23232237379553622 -1.5236173378833884
0.20051383795980326 -0.9894134936301902 0.21876358652688768
