-0.23986906428199473 -0.19282275723055078
0.6919931371379151 1.7315133018870525
-0.24618214796563875 -0.19682348226971694
0.9824912419412746 3.82795124234982
-0.4938395931243822 -0.31092218001918986
-0.9466045764854245 -0.09583513588362225
-0.16369028270540564 -0.14056382905554557
0.421302907018805 0.7050835655455554
-0.41649331357877295 -0.2851836566192284
0.9620274687149339 3.63442213212716
-0.8013518366862922 -0.26141139844577155
0.5379417306022578 1.0667348564091823
-0.24073735981550648 -0.19337596970915946
-0.38176211109969227 -0.2704178725986779
0.0787919771234109 0.08552784866194353
0.6470892987697949 1.5120962992720373
-0.323825018165534 -0.24192334908342975
-0.19362132899328555 -0.16198538082150912
-0.7129855238427136 -0.30866413411551596
0.44364955883856827 0.7665358372142365
-0.42127920023813115 -0.28707226336464553
-0.21640783874036384 -0.17751710503971077
-0.9121227385811705 -0.14684110841366205
-0.7154845144075732 -0.3077757591112925
-0.2982971589079033 -0.2279411484979859
-0.03292098248695052 -0.03187169626334666
-0.30136526438011346 -0.22966608514322376
-0.7841776199112185 -0.27331649602679864
-0.4676630116958318 -0.3034027928312186
0.12119343647809289 0.1378770893333218
-0.6534259355371017 -0.3231512847709926
0.009813097939666449 0.009910349074755555
-0.6899989993949125 -0.31573805589500475
-0.9062444417902422 -0.15474579521533816
-0.3368260570189039 -0.24871647506058553
-0.48158933098028944 -0.30756450546895775
0.9944974292495588 3.9452762432189745
0.9816080019441502 3.8194316828893804
-0.2728569787224706 -0.21317756283374828
0.5463330291172346 1.0969723477469069
0.6615644919755141 1.5803303052733546
0.19217753146167937 0.23757126244207954
0.5957824624749732 1.2882104963537664
0.2030514881405303 0.25435309413328866
-0.291660530911253 -0.2241688196153634
-0.015053212788325165 -0.014829973272075051
-0.8999903122680859 -0.1629124581266711
0.5380555384094672 1.0671408320306583
-0.43289206339127584 -0.2915014783287386
-0.07387115847985348 -0.06878754321721992
-0.40720695338445556 -0.281416046404381
0.7052453451584637 1.800762830909051
0.3235117408061088 0.47298395981633623
0.9693645945538905 3.7028883461030597
-0.5596918365415304 -0.3236344590956536
-0.48709511122884686 -0.3091093630492715
0.07290013337636947 0.07863022859845557
-0.6347328879183871 -0.3252549417354377
-0.4635659913126613 -0.3021106626009666
-0.09735349222542733 -0.08870865036487258
-0.7044169285919433 -0.3115300350417586
-0.26914319029892364 -0.21095407105836117
-0.030570241289494593 -0.029663397375306044
0.4690686896112024 0.8407123602297412
-0.8522815013472727 -0.21734782002179032
0.9473586284511617 3.5005757273618308
-0.20125425095666039 -0.16726191823723555
-0.2901623493289729 -0.22330948257570032
0.19349953861150304 0.2395885423171534
0.04395493635937764 0.04597562809284314
0.3943545818290186 0.6353834642909284
0.042393760723610674 0.04427041308976983
0.6115821946064159 1.3542672853604716
0.6862772901087761 1.7022931795095504
-0.8229258108658322 -0.2444007777898003
-0.9970333112345335 -0.00589825081618589
0.3029654144042879 0.43098710372373655
-0.30417186939823515 -0.23123343690069972
-0.43396825485511425 -0.29190077212326426
-0.024327569402400107 -0.02374978630667279
0.2798623919029688 0.38623948659660917
0.6461078835023826 1.5075535123065955
-0.45968603766198024 -0.30085917140934176
-0.0948550186505599 -0.08663004515634652
-0.9690584170536811 -0.05814159179470646
-0.4188073128552301 -0.2861013606661203
-0.8182274805575838 -0.24830629259620807
0.5703420579817109 1.1869723502690155
-0.9321847114323805 -0.11814940358760762
0.2382465939573577 0.3117531141440994
0.77612997725454 2.2088900852958355
0.8168632850166215 2.4744371191770558
-0.7588468283374825 -0.2883776288476051
0.4039158761856656 0.6595792740752916
0.7127763557201889 1.841067549431443
-0.35993470593636645 -0.26022835379560755
-0.6427578418584765 -0.32448494627983887
-0.8166215889746427 -0.2496151877143873
0.4839332094885549 0.8863031219757127
0.8046861610173635 2.392538129421144
