-0.49348866108520295 0.34605109310829696 0.3632824176611135
-0.8649318132676567 0.9830871577133393 1.7145674012633685
0.013130475187216106 0.7834138934176182 0.6139097377783934
-0.7628750630927321 0.5613466767026114 0.8970884533338062
0.03533675152320548 0.16590581929428727 0.02877342688392147
0.132427708755817 -0.8440618058071525 0.7299774300687468
-0.551334807181243 -0.2788355578706181 0.38171933794259716
-0.5137932238184038 0.7926978980618358 0.8923534344333609
0.05339082132282291 0.1933517302749943 0.04023547140185975
0.32873446587892663 0.4136974668945086 0.2792119431716362
0.017402249968019312 -0.06009344392947247 0.003914060307254079
0.03708222998910449 0.5040527120281406 0.2554442282838885
-0.625525661204642 -0.7906607729347115 1.0164268106832202
0.12576124528255117 -0.7227568817911925 0.5381934009915458
0.23901093288683706 0.8839280334721791 0.8384549943974299
-0.28457211153139816 0.005172077745300818 0.08100803704964195
-0.7348804305606322 0.6417100175187418 0.9518409938048842
0.2037316598983343 -0.6248039501009255 0.43188656530665037
-0.7911371340410829 -0.5364561185880672 0.9136831320293128
0.00865613415498978 0.5814620443886567 0.33817303772314533
