0.5258410267110016 1.0855519306142136
-0.30807659105110297 -0.235317408866354
0.6467909176321665 1.6971192401547839
-0.623105516149272 -0.3614280747020431
0.6918826730473993 1.9991904692906086
-0.0024730283561316124 -0.002466927574287875
-0.479109447857464 -0.3199997038153113
0.875279177102193 3.8622690947090215
0.6136002043287783 1.5032388182781768
0.5318292069603485 1.1102686143864466
0.6771839400260016 1.8954413937690646
-0.624150477308314 -0.3615739975749392
0.6450182025287388 1.6861886254153107
-0.5275392258895557 -0.33790859127023576
0.02849938553955722 0.029335427173265382
-0.16667895266284738 -0.14286310573582534
-0.2998536457573142 -0.23051494488542235
-0.19729432666558155 -0.16477376223446752
-0.3956507485435705 -0.2824009200844059
0.35441829730331853 0.5479025347621109
-0.184784005609536 -0.1559580890555587
0.9858191015404065 5.709140592226923
0.12498906151282685 0.14284231141587417
-0.7638139202218168 -0.3470543404481889
0.3780612504326675 0.6061004188733692
0.24090389126656997 0.3172942146313334
-0.2236921250020225 -0.18277808186847894
-0.5881153982750527 -0.3549994128471248
-0.458093150456772 -0.31126946470499517
0.13283619323625895 0.1531838187681811
-0.3637605290695032 -0.2661154590161618
0.6732905610639477 1.868843713309511
0.19187765923909472 0.23742455053364872
0.4607671440633432 0.8463094007723113
-0.1767125550411799 -0.1501702120662067
-0.3234518488079856 -0.2441202920190544
0.6109479797582573 1.4886879936487887
-0.490348615734721 -0.32444257047581193
-0.7714925981788825 -0.3436746083184513
0.23076284268408886 0.29994390394357495
0.016022988641576585 0.016283905473751872
0.3946354958115248 0.6494349309189171
-0.6627038732863808 -0.3648085005053284
0.4378649024059318 0.773442203977404
-0.9705147734486348 -0.08095630886997152
0.1933881373316737 0.23974110756584874
0.03135145116363325 0.0323661777757515
0.6652687367589032 1.8151718680979994
0.10413859212363397 0.11624393950047969
0.44937056847395707 0.8093833744105017
0.30171307807703673 0.43175015253253557
-0.8692761516663137 -0.2643873870643163
-0.37481480228201747 -0.2718733887594075
-0.1877419494286352 -0.15805935660655618
0.0618283495272276 0.06590302109655534
-0.7037483740151425 -0.3628805175509468
0.7074685864352284 2.115202484706652
0.8235567392319025 3.2112484988683185
-0.9252450850399896 -0.17906883243563765
-0.23188172904709026 -0.1882044979350164
-0.48983572638160067 -0.3242433963747674
-0.6342653040351127 -0.3628360568205536
-0.8048058057872933 -0.32475038731948047
0.7533103613286114 2.4956348045761905
-0.6272370674427628 -0.3619882538528983
-0.23020094239020872 -0.1870968208780473
-0.6277921490687648 -0.36206007069530277
-0.8416990979251955 -0.29451341083908167
-0.39151802080695086 -0.280346984204074
-0.6035916689936289 -0.3581982826345579
0.02428203867705636 0.024886329487217623
-0.6855768553865786 -0.3644990191690467
0.15162252873814386 0.17871842621289724
0.5312658951763336 1.1079222979276164
-0.07711808877557247 -0.07159667390010416
-0.5293672395531008 -0.33851774574379073
-0.7726324386351755 -0.3431433179851426
-0.3168371043791569 -0.24036123029637285
0.9447613020256811 4.941076002097157
-0.20979463175596424 -0.17339863998271915
0.4152662918797798 0.7065382779373762
0.9955953153762971 5.908177683454371
-0.39045516025170457 -0.27981599898492215
-0.30799710857146056 -0.23527130513362748
0.8203015216335756 3.174059657462563
0.135081996586357 0.15617801382010393
0.9119753804104644 4.400027364632734
0.07880099918118022 0.08554175617136137
-0.25455571001301736 -0.20284986022862056
-0.9126270586941803 -0.20146759876083398
-0.8656483984484264 -0.2687568689636731
-0.7121172270645431 -0.36168693654795253
0.26604234894490886 0.36234790570047937
0.6260583515916702 1.5734048957007762
0.9261852061229889 4.627122804574241
-0.29143915118747343 -0.2255317797346037
0.9118899847164015 4.398695674223262
0.7526173585590916 2.4894159701602705
-0.8169158167232209 -0.3159860418065601
0.5659408983243821 1.2609938077381897
