0.995055518992926 -0.5447799003685094
-0.036251838631571776 -0.998686668034612
-0.9537449627330403 -0.5432988597297417
-0.3682501399165252 -0.8738705916218592
-0.4145181686341366 -0.8434992377030835
0.23482229664421084 -0.9463989817312356
0.9050321509196888 -0.5487867651272527
0.9493963884165673 -0.5434780683127272
-0.9719958044134935 -0.5432357224065969
-0.9948218298133076 -0.5447550111851134
0.9658608799273445 -0.5431317998460111
0.10284708505583295 -0.9894785659968857
0.02045464377796713 -0.9995816950831911
-0.9538720552166962 -0.5432945638757278
0.3591286398098823 -0.8795891504787479
-0.004208876938603945 -0.9999822855118207
-0.008684749879150022 -0.9999245779640465
-0.41082460512254526 -0.846000326219419
0.29586200459298184 -0.9163758256814656
-0.202128343015046 -0.9599870300132967
0.8584233097580696 -0.5607671575155082
-0.8534656475754068 -0.5623987946966338
-0.8049025898881041 -0.5816733671424352
0.6911614870832778 -0.6457662639250761
-0.07282219873500395 -0.9947110072382478
-0.8211237544706371 -0.5745976766869991
0.20276187179446592 -0.959741189010617
-0.28795398218547663 -0.9205875423787451
0.5873215125392754 -0.7185175140853819
0.05048909514829569 -0.9974541024178638
0.4519144392249794 -0.8175495834405835
0.578514900402135 -0.7249830484749511
0.25239429520513235 -0.9383571112960791
-0.9835039770167839 -0.5437770016014375
0.5881834547249305 -0.717885981209877
-0.6824661904815257 -0.6514879793717953
-0.5754709314518551 -0.7272227431576312
0.9021174159344278 -0.5493503828074076
0.4378151469875302 -0.8274584647891636
-0.9737658053553031 -0.5432894753220661
0.9012500031613981 -0.5495230588993532
-0.43389100721725504 -0.8301907300295825
-0.900206693024979 -0.5497337453702835
0.4468459789624819 -0.8211276161976304
0.24367152165795014 -0.9424120796837743
0.22847327716797206 -0.9491795543562762
-0.5611037039976343 -0.7378191327593873
0.5369497688320837 -0.7556767165258669
-0.7688778418237754 -0.5994478129185281
0.891969044554211 -0.551511213745757
-0.15188280069667393 -0.9771992013164675
-0.8629683185559995 -0.559329402184578
-0.05727347251654846 -0.9967251337705404
-0.7537377514174466 -0.607689248592433
0.7912935585237593 -0.5880672895119026
-0.042912169662540744 -0.9981602419514258
-0.22586124840196642 -0.9503039140246534
-0.5336263904817284 -0.7581330721499346
0.7818511509442958 -0.5927365915718302
0.38034149941603057 -0.8661460145131581
0.13138216196768737 -0.9828883388816916
-0.7091161650465745 -0.6342520169034679
0.08518865147938315 -0.9927692740030069
-0.6557435371568865 -0.6695906774493333
0.09484919532316383 -0.9910441879597454
-0.8311675471570448 -0.5705289571930525
-0.9863703956358083 -0.5439826843793341
-0.7839052580265289 -0.5917050509338182
-0.22852974020142325 -0.9491551230453905
0.930525327616063 -0.5449721406539536
0.13005314656084344 -0.9832298158632475
-0.3546501594530036 -0.8823613412812397
0.35114479891416095 -0.8845144663354518
-0.8922850767199839 -0.5514393167605706
-0.6718638156230077 -0.6585816067672462
-0.363741322416681 -0.8767092850787921
0.2573019154953604 -0.936021923381211
-0.6877899035067896 -0.6479741549135563
-0.7848106996557629 -0.5912531125552674
0.4455791374333522 -0.8220191979395431
-0.7663755957455431 -0.6007802183324997
0.4736623368897588 -0.802015510464237
-0.1426594065036466 -0.9798564293364292
-0.9192463969165097 -0.5464100828581118
-0.6259299564446361 -0.6905482574847941
-0.9047987354279483 -0.5488309542846329
0.6185513621488139 -0.6958334170418623
-0.15178718408692804 -0.977227562150898
-0.6894655109903605 -0.6468751559532202
0.9758988490452138 -0.5433684573740591
-0.6184879203144069 -0.6958790032835104
-0.6162336607888916 -0.6975003264549814
0.8608046303771588 -0.5600068801574865
-0.8272333732179562 -0.5720934631889404
0.6114481948612771 -0.7009516292455813
-0.4296239980603269 -0.8331482891058947
0.8091741583128806 -0.5797512494809351
-0.21960807938133198 -0.9529488254525385
-0.4433532662344346 -0.8235830120230747
-0.15833194302606568 -0.975247160268033
