0.7167657912171266 1.5996118721619328
-0.705719521908899 -0.8547714566066651
-0.00824945614920769 -0.016430673934010924
-0.12188656809292797 -0.22841099691175937
0.30346837205845745 0.6841582062974247
-0.578313138721515 -0.7880692158119771
0.13164929222805166 0.27969966849767414
0.6094379024262531 1.4033785552140452
-0.6754045356248193 -0.8426943779061385
0.3212766813923542 0.7276391827664584
-0.03095566173710851 -0.06094362819328926
0.6601953927052009 1.5026814374885706
-0.11508149943036727 -0.21648946298893576
-0.7165146219897329 -0.8584879009660588
-0.35353356594198515 -0.5727781098721532
-0.5969185432188349 -0.8003885472568606
-0.49647645917917105 -0.7237223007681362
-0.765357405816584 -0.8714164834515424
0.07434063342719566 0.1540544593796943
-0.8343146897697307 -0.8786302404381727
-0.8776622560337026 -0.8764123109420139
0.34810589649399315 0.793365384377134
0.571919403706286 1.323958885418996
-0.32719633957538874 -0.5397545450168152
-0.23395371844948576 -0.4100868414669233
0.981194577649839 1.762349080491968
-0.20369571775619377 -0.3637834574043524
-0.27669932788262264 -0.4719854317464235
0.4680140689363774 1.0853749972162798
0.012563143152767298 0.0252834453063934
0.622419504747999 1.4297416864938803
0.5647434942117184 1.3082767082970386
-0.6632746983154565 -0.8371897822102372
0.18755982695515439 0.4073633866840035
0.27410400324493933 0.612865471916557
0.2527738548108902 0.5614930470523716
0.7142585155697765 1.5956677095005412
-0.19354140921784335 -0.3477855378282757
0.7447675838114536 1.6412108795422895
-0.8142874761579579 -0.8778843817364155
-0.8497495471690226 -0.878443752034864
0.06815542861495727 0.14083897717433363
-0.711558761735017 -0.8568200424702417
-0.91931423261342 -0.8692935551270251
0.8708313751904331 1.7631610012642143
-0.9485697024685884 -0.8613485660391583
0.6693152721361284 1.5193691709791253
-0.8614098791690135 -0.877861188950945
0.11371595712379601 0.239780019578057
0.7973137230804617 1.706006201567115
0.47584803976402057 1.1040518291564743
-0.031914171914889655 -0.06279949726543893
-0.7716977854149771 -0.8726233949848949
-0.7066528740476288 -0.8551049569474274
-0.383587778347404 -0.6085010487856652
0.5184883772756885 1.2040311677354152
-0.7289848112598283 -0.8623960185007585
0.27282051950655917 0.6097634084328774
0.8531735294120193 1.753318232259077
-0.10860939717956453 -0.20505822789365336
-0.21934804201601565 -0.3879922356442197
0.6867904854148972 1.5502502928550452
0.19643371574784152 0.4280352371967041
0.5555783247632011 1.2880404433353108
0.10997572973909575 0.23152162841331933
0.415227625881083 0.9577980170478813
-0.8966724409058664 -0.8737726085047816
-0.541515113926835 -0.7611685949376867
0.5885131175098808 1.35964131215944
-0.5543583282396218 -0.7709377486181235
-0.6492485835256265 -0.8303497528152789
0.417374879538287 0.9630325321211799
0.8027130795579283 1.7115982610534424
-0.44058440310032676 -0.670450089337396
0.6501028483190192 1.4837793860579627
-0.027501917340007287 -0.05424082396837615
0.9869686076323063 1.7591616777351298
-0.14476403226709733 -0.2677502914638912
-0.9474322222782301 -0.8617030111575963
-0.5150695093797788 -0.7397792637993893
0.15643124902149808 0.33571094365176457
-0.14792074522520204 -0.2730886520699357
-0.9511656633704333 -0.8605258417334043
-0.6187158965777015 -0.8137140865514133
-0.3465973669294189 -0.5642362484731906
0.09032204279259948 0.18852029315509083
0.6243718811864152 1.433652367126622
0.29261268558112796 0.6577355142520583
0.9810057324060499 1.762447840268018
-0.13662752458447613 -0.2538899193225287
-0.22023296693952443 -0.3893445269118686
0.4490872156585335 1.0399398992895579
-0.37802696671418157 -0.6020496561390347
-0.5481622171239156 -0.766275399419776
0.11851881659263364 0.25041913633216073
0.13272483291445902 0.2821105106398831
0.0530743724354239 0.10891162533601295
0.053671232917117395 0.11016716487388806
-0.8051178905836673 -0.8771724257914946
0.9226224657468016 1.7766420192798669
