1.0416711891039463 1.4485753628869604
1.7871304351036732 2.458628184249699
0.04470705414646092 0.045733241062206
1.7359148547489178 2.396104736720874
1.8125216664094603 2.489256815408233
1.3916041922539932 1.9492039378662551
1.7699806471781054 2.4378030967936297
0.29981077600660444 0.3482922606274224
0.6796818834739311 0.8983875261704735
0.29170471779362606 0.33762727909177864
1.0572370879274966 1.4717181902525183
1.6927333480536664 2.342608040152095
1.0170485431591174 1.4118302340315152
0.7878874936688967 1.0639340623126117
0.1900388013510812 0.20946380917880178
1.8463126782588681 2.5296428950432372
1.388830555412557 1.9454138997573192
0.6801933228549415 0.8991675770575565
1.9333851693566992 2.6317676114224664
0.8533385943104397 1.1640613994902875
1.3912063877408143 1.9486605428163926
0.5591451546424697 0.7161805867665997
1.0817764654984758 1.5080595077203567
1.701739031932365 2.353824407965662
0.8028918866659944 1.086910686569396
0.7455146376125152 0.9990342223089475
0.3145778331323712 0.36787913663482097
1.6672205251131338 2.3106615360593183
1.667909730191782 2.3115278687661576
1.6032019643053743 2.229379664748016
0.5323152864524436 0.6762611497528017
1.3129117959027208 1.8405122238056408
0.44647435500463506 0.5508999795331613
1.6900053767977217 2.3392042153818604
0.09742304701872428 0.10241123806276126
0.2805681341413868 0.32307757628936956
1.4689126663041638 2.053623152273834
1.6016340689737707 2.227368777866905
1.5608096283049537 2.1746683460431298
1.8485886095757826 2.532347734419369
1.796901235886706 2.4704431494178447
1.8603263998748223 2.546267075146555
1.4257574598649174 1.9956249500022738
0.6041773753494863 0.7837877133065487
0.17375104386903195 0.1899473342231844
1.6801879174275038 2.3269305885387523
0.3762861876689647 0.4518118650250573
0.9053293392589921 1.2432832295775613
1.02998591494805 1.431157556271896
1.1367770884932462 1.5888378283441837
0.6387965354469818 0.8361757429991938
0.9439782885161121 1.3018925687603708
1.3853143894162734 1.9406048998699919
0.5084111317095037 0.6409630026672963
1.9069476937755194 2.6010525090456236
0.7996723704377255 1.081981249527929
0.7919948100769194 1.070224443356556
0.5981613628792479 0.7747173655091
0.9799877184958643 1.3562268969639324
1.332065180860647 1.8671878778780657
0.8831779331419325 1.209575936365464
1.8312504850824962 2.511693625344377
1.7951089657466297 2.468278614983531
0.03964618225504646 0.0404510316504378
1.2281291083054666 1.7207679425025533
0.04372052954615846 0.04470142176057305
1.2501436230726484 1.7521175094240204
1.4362477840824022 2.0097911056839433
1.900921488261099 2.5940157719986985
0.8260817416183979 1.1224004562884073
1.9878854961365902 2.6942946244529855
0.7426366847367258 0.994627466290098
0.7522503526967326 1.0093492227457435
0.3620082752766325 0.4321066807265875
1.738102319925767 2.398795643457122
1.9155054800188374 2.611022661700627
1.445241483004096 2.0219016029198156
1.4259413496941753 1.9958736492510756
0.9264918732304519 1.275409676713143
0.7674073427832893 1.0325644773899203
1.7278298694740342 2.3861430679412905
0.47254593372930254 0.5885446771525344
0.10775957853408058 0.11388480134767962
1.699414461294237 2.350932216209987
1.206163397153415 1.6893125572152927
1.1388526299797952 1.591867060649109
1.6133359894150943 2.242353597743011
1.4100403020588512 1.9743192387484028
1.356605963684606 1.9011601876749724
1.606399704617055 2.2334778898675096
1.791303577731812 2.4636788077686536
1.3762818003491277 1.9282290063059877
0.0048905581434406376 0.004902555484513432
1.9770520184168667 2.6819497619823656
0.33739787294175305 0.3985369429077785
1.295052463998759 1.8155125649218424
1.8538526568426992 2.5385964514152617
1.8899290774638706 2.581145943033721
0.00561771815157508 0.005633555880416082
0.5708247666270174 0.7336477208391203
