2.879804380992301 1.6969986390661311
3.793332860219487 1.9476480329411388
3.1061493563048814 1.7624271208492228
2.577849252509515 1.6055682023849112
0.2731995853358069 0.522684977147619
3.6583644974816125 1.912685153777697
3.1583732348154903 1.7771812611029552
1.4371891673555597 1.1988282476466592
0.5430198587395312 0.7368988117370873
2.1857615655868865 1.47843213086935
0.6513105902184124 0.8070381590844465
1.1290665940303368 1.0625754533351206
2.399757071705803 1.549114931729019
3.5495184126035335 1.8840165637816282
1.1388646457726517 1.0671760144290405
3.317184433415132 1.8213139304949961
0.1869581170489174 0.4323865366184722
0.39101007445595526 0.6253079836816057
0.3914583822904869 0.625666350613877
1.4128807307461972 1.1886465962371646
0.40206445723255557 0.6340855283260733
0.08959703757116877 0.2993276425109595
3.169571931538642 1.7803291638173662
0.46514972068337146 0.6820188565453095
0.6073734973406002 0.7793417076870711
3.0862767586351856 1.7567802249101012
0.24833735962799341 0.4983345860242829
1.1669741261376765 1.080265766437906
2.3452123128076305 1.5314086041313828
2.0296854129263493 1.4246702821798274
