-0.2680433456197826 0.479728661785616 -0.03673172638388619
-0.8246626459187514 0.33986388834723336 -0.6190680421906825
-0.3950006157761794 -0.29649943007224944 -0.29701003931572334
-0.21416194679211298 0.38160330216212857 -0.06742163092548689
-0.35653699874421174 0.8136149947499718 0.2656403252920615
-0.05419001285953162 -0.7171403280143971 0.43775354008985845
-0.47517115371928 -0.2457743318579042 -0.3971223513075246
-0.7670781532092756 -0.7779723613459415 -0.12507436646063985
-0.7705116295433192 0.5020071221953892 -0.44715036527824215
-0.8534805512790156 -0.8683109730549361 -0.06903918279779375
-0.2641333239621271 -0.10919505239143468 -0.24914947040827756
0.45852580434916734 0.13556116277217378 0.4610024628799789
0.5563159595392322 0.26634406706830704 0.598940956614392
-0.045158139831087185 -0.07776343606998526 -0.039095678081978225
-0.5772337335299591 0.3691440119253293 -0.4098619909847352
0.09328985306962068 0.6077259973483073 0.45414611457016146
-0.1934067833243749 0.7336789075211021 0.32046077389791827
0.6139570317856047 0.9075289721303121 1.3097094271177694
0.3524587980724563 0.6148477182513361 0.7143039497129691
0.399852845245543 -0.5155847342904372 0.6519907060997001
0.3974109796402423 0.5507514125036423 0.6857294768898669
-0.5285178308739071 -0.48067996584102524 -0.27525106925883336
-0.9982834277821759 -0.7074247562606679 -0.36072206334449913
-0.7362807884152685 0.6709643970793022 -0.236397221277573
0.7167331879392775 0.3454811448929771 0.7759991763564854
-0.9886903406120189 -0.3185854997236015 -0.7339841174659422
0.8715463528554814 0.5961544267739356 1.113290642458347
-0.27406655349642617 -0.03309911395647824 -0.26955289522289383
-0.7720951600523456 -0.5266032552382529 -0.42386748402285684
0.15459312237309542 -0.8474134801336419 0.8119403725652812
